Margao=15.281562, 73.987886
Panjim=15.490101, 73.822726
Sanguem=15.225164, 74.154879
Vasco=15.378000, 73.831428